#  PROBE RESULTS (THIS IS A MAGIC LINE)
# ---------------------------------------------------------------------------
# Evaluation: PDF
# ---------------------------------------------------------------------------
#  Name: Maximum SINR ORG1
#  Description: Maximum SINR [dB]
# ---------------------------------------------------------------------------
#  Evaluation terminated successfully!
# ---------------------------------------------------------------------------
#  Common Statistics 
#  Minimum: -120.7926860
#  Maximum: -52.8766090
#  Trials: 25718
#  Mean: -93.9623059
# 
#  Variance: 102.4620203
#  Relative variance: 0.0116053
#  Coefficient of variation: 0.1077278
#  Standard deviation: 10.1223525
#  Relative standard deviation: -0.1077278
# 
#  Skewness: 0.5447481
# 
#  2nd moment: 8931.3729601
#  3rd moment: -857901.7954245
# 
#  Sum of all values: -2416522.5822954
#  (Sum of all values)^2: 229697049.7883088
#  (Sum of all values)^3: -22063518374.7262573
# -----------------------------------------------------------
# PDF statistics 
#  Left border of x-axis: -140
#  Right border of x-axis: -50
#  Resolution of x-axis: 101
# -----------------------------------------------------------
# PDF data 
#  Underflows: 0
#  Underflows in percent: 0
#  Overflows: 0
#  Overflows in percent: 0
# -----------------------------------------------------------
# Percentiles
#  P01: -112.2902198
#  P05: -108.4791840
#  P50: -95.2013804
#  P95: -75.1549526
#  P99: -67.7038009
# -----------------------------------------------------------
# 
# x_n                  F(x_n)           G(x_n)     P(x_n-1 < X    n
#                    =P(X<=x_n)       =P(X>x_n)   AND X <= x_n)
# 
-7.48	  	    0.0 	    1.0 	    0.0		100
-4.65		    0.01	    0.99	    0.0		100
-3.93		    0.02	    0.98	    0.0		100
-3.5 		    0.03	    0.97	    0.0		100
-3.16		    0.04	    0.96	    0.0		100
-3.02		    0.05	    0.95	    0.0		100
-3   		    0.06	    0.94	    0.0		100
-2.72		    0.07	    0.93	    0.0		100
-2.45		    0.08	    0.92	    0.0		100
-2.21		    0.09	    0.91	    0.0		100
-1.99		    0.1 	    0.9 	    0.0		100
-1.78		    0.11	    0.89	    0.0		100
-1.57		    0.12	    0.88	    0.0		100
-1.39		    0.13	    0.87	    0.0		100
-1.22		    0.14	    0.86	    0.0		100
-1.06		    0.15	    0.85	    0.0		100
-0.89		    0.16	    0.84	    0.0		100
-0.71		    0.17	    0.83	    0.0		100
-0.55		    0.18	    0.82	    0.0		100
-0.4 		    0.19	    0.81	    0.0		100
-0.25		    0.2 	    0.8 	    0.0		100
-0.09		    0.21	    0.79	    0.0		100
0.08 		    0.22	    0.78	    0.0		100
0.23 		    0.23	    0.77	    0.0		100
0.41 		    0.24	    0.76	    0.0		100
0.54 		    0.25	    0.75	    0.0		100
0.69 		    0.26	    0.74	    0.0		100
0.83 		    0.27	    0.73	    0.0		100
0.99 		    0.28	    0.72	    0.0		100
1.15 		    0.29	    0.71	    0.0		100
1.29 		    0.3 	    0.7 	    0.0		100
1.44 		    0.31	    0.69	    0.0		100
1.6  		    0.32	    0.68	    0.0		100
1.75 		    0.33	    0.67	    0.0		100
1.9  		    0.34	    0.66	    0.0		100
2.07 		    0.35	    0.65	    0.0		100
2.24 		    0.36	    0.64	    0.0		100
2.41 		    0.37	    0.63	    0.0		100
2.56 		    0.38	    0.62	    0.0		100
2.73 		    0.39	    0.61	    0.0		100
2.91 		    0.4 	    0.6 	    0.0		100
3.1  		    0.41	    0.59	    0.0		100
3.28 		    0.42	    0.58	    0.0		100
3.45 		    0.43	    0.57	    0.0		100
3.63 		    0.44	    0.56	    0.0		100
3.8  		    0.45	    0.55	    0.0		100
3.97 		    0.46	    0.54	    0.0		100
4.15 		    0.47	    0.53	    0.0		100
4.31 		    0.48	    0.52	    0.0		100
4.49 		    0.49	    0.51	    0.0		100
4.68 		    0.5 	    0.5 	    0.0		100
4.84 		    0.51	    0.49	    0.0		100
5.04 		    0.52	    0.48	    0.0		100
5.23 		    0.53	    0.47	    0.0		100
5.42 		    0.54	    0.46	    0.0		100
5.61 		    0.55	    0.45	    0.0		100
5.81 		    0.56	    0.44	    0.0		100
5.99 		    0.57	    0.43	    0.0		100
6.19 		    0.58	    0.42	    0.0		100
6.36 		    0.59	    0.41	    0.0		100
6.57 		    0.6 	    0.4 	    0.0		100
6.79 		    0.61	    0.39	    0.0		100
7.01 		    0.62	    0.38	    0.0		100
7.23 		    0.63	    0.37	    0.0		100
7.43 		    0.64	    0.36	    0.0		100
7.65 		    0.65	    0.35	    0.0		100
7.86 		    0.66	    0.34	    0.0		100
8.07 		    0.67	    0.33	    0.0		100
8.29 		    0.68	    0.32	    0.0		100
8.52 		    0.69	    0.31	    0.0		100
8.76 		    0.7 	    0.3 	    0.0		100
9    		    0.71	    0.29	    0.0		100
9.25 		    0.72	    0.28	    0.0		100
9.49 		    0.73	    0.27	    0.0		100
9.74 		    0.74	    0.26	    0.0		100
9.98 		    0.75	    0.25	    0.0		100
10.22		    0.76	    0.24	    0.0		100
10.46		    0.77	    0.23	    0.0		100
10.72		    0.78	    0.22	    0.0		100
10.99		    0.79	    0.21	    0.0		100
11.27		    0.8 	    0.2 	    0.0		100
11.52		    0.81	    0.19	    0.0		100
11.77		    0.82	    0.18	    0.0		100
12.05		    0.83	    0.17	    0.0		100
12.3 		    0.84	    0.16	    0.0		100
12.52		    0.85	    0.15	    0.0		100
12.8 		    0.86	    0.14	    0.0		100
13.11		    0.87	    0.13	    0.0		100
13.37		    0.88	    0.12	    0.0		100
13.61		    0.89	    0.11	    0.0		100
13.85		    0.9 	    0.1 	    0.0		100
14.11		    0.91	    0.09	    0.0		100
14.35		    0.92	    0.08	    0.0		100
14.64		    0.93	    0.07	    0.0		100
14.92		    0.94	    0.06	    0.0		100
15.22		    0.95	    0.05	    0.0		100
15.51		    0.96	    0.04	    0.0		100
15.78		    0.97	    0.03	    0.0		100
16.08		    0.98	    0.02	    0.0		100
16.43		    0.99	    0.01	    0.0		100
16.98		    1.0 	    0.0 	    0.0		100